{
 "cells": [
  {
   "cell_type": "code",
   "execution_count": 1,
   "metadata": {
    "scrolled": false
   },
   "outputs": [
    {
     "name": "stdout",
     "output_type": "stream",
     "text": [
      "inputs: [<KerasTensor: shape=(None, 112, 112, 3) dtype=float32 (created by layer 'input_8')>, <KerasTensor: shape=(None, 112, 112) dtype=float32 (created by layer 'input_9')>, <KerasTensor: shape=(None, 3, 3) dtype=float32 (created by layer 'input_11')>, <KerasTensor: shape=(None, 2, 2) dtype=float32 (created by layer 'input_12')>]\n",
      "outputs: [<KerasTensor: shape=(None, 1, 4, 4) dtype=float64 (created by layer 'mt_m_evaluation')>, <KerasTensor: shape=(None, None, 4, 4) dtype=float64 (created by layer 'mt_m_evaluation_1')>]\n",
      "1 0 :\n",
      "[[1.07565092e+03 0.00000000e+00 3.72068883e+02]\n",
      " [0.00000000e+00 1.07390348e+03 2.53721598e+02]\n",
      " [0.00000000e+00 0.00000000e+00 1.00000000e+00]]\n",
      "[[  0.44827846   0.44827846]\n",
      " [423.80380022 219.71329001]]\n",
      "[[ 0.68630985  0.72725568  0.00881423]\n",
      " [ 0.69929785 -0.65649823 -0.28283   ]\n",
      " [-0.19990386  0.20027345 -0.959129  ]]\n",
      "[ 58.1023229   -3.76948848 764.45952567]\n",
      "result:\n",
      "[[[-9.69339749e-01  2.39248726e-01 -5.60405253e-02  5.50383520e+01]\n",
      "  [ 2.43837265e-01  9.08335151e-01 -3.39809697e-01 -1.81790698e+00]\n",
      "  [-3.03954561e-02 -3.43055824e-01 -9.38823102e-01  7.08045199e+02]\n",
      "  [ 0.00000000e+00  0.00000000e+00  0.00000000e+00  1.00000000e+00]]]\n",
      "[[[-9.65618628e-01  2.59935519e-01 -3.77304646e-03  5.75390668e+01]\n",
      "  [ 2.53475955e-01  9.38201961e-01 -2.35641775e-01 -5.15675984e+00]\n",
      "  [-5.77117879e-02 -2.28496451e-01 -9.71832685e-01  7.63863315e+02]\n",
      "  [ 0.00000000e+00  0.00000000e+00  0.00000000e+00  1.00000000e+00]]]\n",
      "1 1 :\n",
      "[[1.07565092e+03 0.00000000e+00 3.72068883e+02]\n",
      " [0.00000000e+00 1.07390348e+03 2.53721598e+02]\n",
      " [0.00000000e+00 0.00000000e+00 1.00000000e+00]]\n",
      "[[  0.62772648   0.62772648]\n",
      " [436.39071075 301.46323859]]\n",
      "[[ 0.18464268  0.98276605  0.00881423]\n",
      " [ 0.94313378 -0.17465989 -0.28283   ]\n",
      " [-0.27641714  0.06053568 -0.959129  ]]\n",
      "[ 73.81841004  60.69689025 745.77743276]\n",
      "result:\n",
      "[[[-9.61737740e-01  2.73036100e-01 -2.26240987e-02  7.10099208e+01]\n",
      "  [ 2.66447794e-01  9.12911291e-01 -3.09190133e-01  5.85101662e+01]\n",
      "  [-6.37662710e-02 -3.03387971e-01 -9.50731088e-01  7.16745580e+02]\n",
      "  [ 0.00000000e+00  0.00000000e+00  0.00000000e+00  1.00000000e+00]]]\n",
      "[[[-9.60988072e-01  2.76543267e-01 -5.07842140e-03  7.34083645e+01]\n",
      "  [ 2.66836108e-01  9.22110138e-01 -2.80198933e-01  6.00139586e+01]\n",
      "  [-7.28042600e-02 -2.70622930e-01 -9.59928518e-01  7.45890489e+02]\n",
      "  [ 0.00000000e+00  0.00000000e+00  0.00000000e+00  1.00000000e+00]]]\n",
      "1 2 :\n",
      "[[1.07565092e+03 0.00000000e+00 3.72068883e+02]\n",
      " [0.00000000e+00 1.07390348e+03 2.53721598e+02]\n",
      " [0.00000000e+00 0.00000000e+00 1.00000000e+00]]\n",
      "[[  0.79444824   0.79444824]\n",
      " [375.06157891 279.09300229]]\n",
      "[[-0.71517612  0.53104214 -0.45444151]\n",
      " [-0.12600673  0.54156933  0.83115894]\n",
      " [ 0.68749194  0.651687   -0.32040337]]\n",
      "[ 36.75107341  44.09035661 764.11181573]\n",
      "result:\n",
      "[[[-5.13742961e-01 -7.20244984e-01 -4.66170977e-01  3.47424746e+01]\n",
      "  [-5.58244982e-01 -1.31972089e-01  8.19112886e-01  4.28843682e+01]\n",
      "  [-6.51483501e-01  6.81051072e-01 -3.34273405e-01  7.44028335e+02]\n",
      "  [ 0.00000000e+00  0.00000000e+00  0.00000000e+00  1.00000000e+00]]]\n",
      "[[[-5.29396635e-01 -7.06518349e-01 -4.69649854e-01  3.59093204e+01]\n",
      "  [-5.39066841e-01 -1.47327995e-01  8.29277607e-01  4.36217178e+01]\n",
      "  [-6.55092452e-01  6.92189464e-01 -3.02865684e-01  7.63704624e+02]\n",
      "  [ 0.00000000e+00  0.00000000e+00  0.00000000e+00  1.00000000e+00]]]\n",
      "1 3 :\n",
      "[[1.07565092e+03 0.00000000e+00 3.77068883e+02]\n",
      " [0.00000000e+00 1.07390348e+03 2.57721598e+02]\n",
      " [0.00000000e+00 0.00000000e+00 1.00000000e+00]]\n",
      "[[3.81961559e-01 3.81961559e-01]\n",
      " [4.17388671e+02 3.11321677e+02]]\n",
      "[[-0.20204025  0.97935453  0.00661927]\n",
      " [ 0.93819024  0.1954787  -0.285634  ]\n",
      " [-0.28103116 -0.05149957 -0.958316  ]]\n",
      "[ 38.477709    52.2789785  747.38264747]\n",
      "result:\n",
      "[[[-9.62839774e-01  2.53181805e-01 -9.40137666e-02  3.88827090e+01]\n",
      "  [ 2.69893099e-01  8.89301269e-01 -3.69189604e-01  5.28830541e+01]\n",
      "  [-9.86552283e-03 -3.80844081e-01 -9.24586613e-01  7.18261762e+02]\n",
      "  [ 0.00000000e+00  0.00000000e+00  0.00000000e+00  1.00000000e+00]]]\n",
      "[[[-9.62432884e-01  2.56813115e-01 -8.81476585e-02  4.02446451e+01]\n",
      "  [ 2.71491811e-01  9.05550506e-01 -3.25991514e-01  5.35914801e+01]\n",
      "  [-3.89673861e-03 -3.37676330e-01 -9.41254222e-01  7.44923009e+02]\n",
      "  [ 0.00000000e+00  0.00000000e+00  0.00000000e+00  1.00000000e+00]]]\n",
      "1 4 :\n",
      "[[1.07565092e+03 0.00000000e+00 3.77068883e+02]\n",
      " [0.00000000e+00 1.07390348e+03 2.57721598e+02]\n",
      " [0.00000000e+00 0.00000000e+00 1.00000000e+00]]\n",
      "[[  0.48703182   0.48703182]\n",
      " [348.1049709  366.83539715]]\n",
      "[[-0.69910703  0.71498596  0.00661927]\n",
      " [ 0.68389062  0.67134676 -0.285634  ]\n",
      " [-0.20866829 -0.19516215 -0.958316  ]]\n",
      "[ -7.48434453 101.476972   732.58496173]\n",
      "result:\n",
      "[[[-9.50337228e-01  3.11053663e-01 -1.02342494e-02 -6.41467812e+00]\n",
      "  [ 3.03276370e-01  9.18190870e-01 -2.54850950e-01  9.35188911e+01]\n",
      "  [-6.98753275e-02 -2.45298170e-01 -9.66926179e-01  6.84852039e+02]\n",
      "  [ 0.00000000e+00  0.00000000e+00  0.00000000e+00  1.00000000e+00]]]\n",
      "[[[-9.50222970e-01  3.11055147e-01 -1.79156009e-02 -6.43208884e+00]\n",
      "  [ 3.07584104e-01  9.27343891e-01 -2.13132063e-01  9.87739151e+01]\n",
      "  [-4.96819050e-02 -2.08033540e-01 -9.76859151e-01  7.31965279e+02]\n",
      "  [ 0.00000000e+00  0.00000000e+00  0.00000000e+00  1.00000000e+00]]]\n",
      "inputs: [<KerasTensor: shape=(None, 112, 112, 3) dtype=float32 (created by layer 'input_36')>, <KerasTensor: shape=(None, 112, 112) dtype=float32 (created by layer 'input_37')>, <KerasTensor: shape=(None, 3, 3) dtype=float32 (created by layer 'input_39')>, <KerasTensor: shape=(None, 2, 2) dtype=float32 (created by layer 'input_40')>]\n",
      "outputs: [<KerasTensor: shape=(None, 1, 4, 4) dtype=float64 (created by layer 'mt_m_evaluation_3')>, <KerasTensor: shape=(None, None, 4, 4) dtype=float64 (created by layer 'mt_m_evaluation_4')>]\n",
      "5 0 :\n",
      "[[1.07565092e+03 0.00000000e+00 3.75068883e+02]\n",
      " [0.00000000e+00 1.07390348e+03 2.58721598e+02]\n",
      " [0.00000000e+00 0.00000000e+00 1.00000000e+00]]\n",
      "[[  1.00901511   1.00901511]\n",
      " [434.97884315 289.24020937]]\n",
      "[[ 0.9873527   0.00704968 -0.15838463]\n",
      " [ 0.15389501 -0.28270196  0.94678158]\n",
      " [-0.0381015  -0.95918201 -0.28021201]]\n",
      "[ 62.45862818  77.67797681 743.77231745]\n",
      "result:\n",
      "[[[-9.79519082e-01 -9.00755335e-02 -1.80079895e-01  5.47651997e+01]\n",
      "  [-1.57795806e-01 -2.12133891e-01  9.64416775e-01  6.08515843e+01]\n",
      "  [-1.25071401e-01  9.73080503e-01  1.93575647e-01  6.92856963e+02]\n",
      "  [ 0.00000000e+00  0.00000000e+00  0.00000000e+00  1.00000000e+00]]]\n",
      "[[[-9.80158652e-01  8.35115033e-02 -1.79763333e-01  6.43858848e+01]\n",
      "  [-1.55007635e-01  2.42295308e-01  9.57739879e-01  7.72848948e+01]\n",
      "  [ 1.23538114e-01  9.66601656e-01 -2.24542916e-01  7.45571184e+02]\n",
      "  [ 0.00000000e+00  0.00000000e+00  0.00000000e+00  1.00000000e+00]]]\n",
      "5 1 :\n",
      "[[1.07565092e+03 0.00000000e+00 3.76068883e+02]\n",
      " [0.00000000e+00 1.07390348e+03 2.60721598e+02]\n",
      " [0.00000000e+00 0.00000000e+00 1.00000000e+00]]\n",
      "[[  1.11887477   1.11887477]\n",
      " [385.97404256 336.62304132]]\n",
      "[[ 0.82789262  0.00605258 -0.56085405]\n",
      " [ 0.53911501 -0.28448197  0.79273282]\n",
      " [-0.1547541  -0.95866201 -0.23878349]]\n",
      "[ 23.97248467  99.10949826 736.82343511]\n",
      "result:\n",
      "[[[ 8.32764530e-01 -1.13530510e-01 -5.41861676e-01  2.62776350e+01]\n",
      "  [ 5.16965434e-01 -1.90782462e-01  8.34475157e-01  9.84825815e+01]\n",
      "  [-1.98116096e-01 -9.75045083e-01 -1.00185524e-01  7.32840867e+02]\n",
      "  [ 0.00000000e+00  0.00000000e+00  0.00000000e+00  1.00000000e+00]]]\n",
      "[[[ 8.34712074e-01 -6.79400347e-02 -5.46479554e-01  2.52664618e+01]\n",
      "  [ 5.12164034e-01 -2.68858055e-01  8.15722602e-01  1.00857309e+02]\n",
      "  [-2.02345658e-01 -9.60780640e-01 -1.89622625e-01  7.35584776e+02]\n",
      "  [ 0.00000000e+00  0.00000000e+00  0.00000000e+00  1.00000000e+00]]]\n",
      "5 2 :\n",
      "[[1.07565092e+03 0.00000000e+00 3.76068883e+02]\n",
      " [0.00000000e+00 1.07390348e+03 2.63721598e+02]\n",
      " [0.00000000e+00 0.00000000e+00 1.00000000e+00]]\n",
      "[[  1.80039357   1.80039357]\n",
      " [235.46809113 334.01817366]]\n",
      "[[ 0.43644697  0.00710115 -0.89970171]\n",
      " [ 0.86273924 -0.28708498  0.41624993]\n",
      " [-0.25533539 -0.95787901 -0.13142392]]\n",
      "[-29.14678909 101.47367537 735.18203369]\n",
      "result:\n",
      "[[[ 4.54157130e-01 -2.47018922e-01 -8.55992386e-01 -2.07621002e+01]\n",
      "  [ 8.79225350e-01 -3.09063390e-02  4.75402494e-01  8.90378342e+01]\n",
      "  [-1.43889004e-01 -9.68517639e-01  2.03148965e-01  6.78479816e+02]\n",
      "  [-5.77084229e-17  1.48549960e-16 -6.97402577e-18  1.00000000e+00]]]\n",
      "[[[ 4.59046526e-01  1.17118699e-02 -8.88335019e-01 -2.94511459e+01]\n",
      "  [ 8.77407301e-01 -1.62873412e-01  4.51252293e-01  9.98987523e+01]\n",
      "  [-1.39401139e-01 -9.86577461e-01 -8.50425405e-02  7.34029726e+02]\n",
      "  [-2.80355761e-17  6.89881292e-18  3.71187310e-19  1.00000000e+00]]]\n",
      "5 3 :\n",
      "[[1.07565092e+03 0.00000000e+00 3.74068883e+02]\n",
      " [0.00000000e+00 1.07390348e+03 2.65721598e+02]\n",
      " [0.00000000e+00 0.00000000e+00 1.00000000e+00]]\n",
      "[[  1.03203732   1.03203732]\n",
      " [167.6975027  272.07351337]]\n",
      "[[-0.24503968  0.00905505 -0.96947063]\n",
      " [ 0.92809349 -0.28696701 -0.23726188]\n",
      " [-0.28035449 -0.957898    0.06191493]]\n",
      "[-88.84926076  65.58575746 745.40945738]\n",
      "result:\n",
      "[[[-2.42582268e-01 -2.95328551e-01 -9.24085956e-01 -7.27035339e+01]\n",
      "  [ 9.30614598e-01 -3.39931672e-01 -1.35657368e-01  6.09502015e+01]\n",
      "  [-2.74062590e-01 -8.92875961e-01  3.57298469e-01  6.57958159e+02]\n",
      "  [ 0.00000000e+00  0.00000000e+00  0.00000000e+00  1.00000000e+00]]]\n",
      "[[[-2.22290689e-01 -4.66667728e-02 -9.73862986e-01 -9.00060449e+01]\n",
      "  [ 9.24481927e-01 -3.27381867e-01 -1.95331250e-01  6.69089437e+01]\n",
      "  [-3.09709569e-01 -9.43738989e-01  1.15916530e-01  7.48244591e+02]\n",
      "  [ 0.00000000e+00  0.00000000e+00  0.00000000e+00  1.00000000e+00]]]\n",
      "5 4 :\n",
      "[[1.07565092e+03 0.00000000e+00 3.69068883e+02]\n",
      " [0.00000000e+00 1.07390348e+03 2.65721598e+02]\n",
      " [0.00000000e+00 0.00000000e+00 1.00000000e+00]]\n",
      "[[  1.36094897   1.36094897]\n",
      " [160.41746166 180.52232397]]\n",
      "[[-0.90117158  0.01019358 -0.43334296]\n",
      " [ 0.41285934 -0.28437404 -0.86526246]\n",
      " [-0.13205172 -0.95865899  0.25206103]]\n",
      "[-108.27609234  -15.67968092  769.77962436]\n",
      "result:\n",
      "[[[-8.86584686e-01 -5.46799983e-03 -4.62533995e-01 -1.07920919e+02]\n",
      "  [ 4.39483806e-01 -3.21883993e-01 -8.38596854e-01 -1.46638347e+01]\n",
      "  [-1.44296834e-01 -9.46763343e-01  2.87780517e-01  7.63268713e+02]\n",
      "  [ 0.00000000e+00  0.00000000e+00  0.00000000e+00  1.00000000e+00]]]\n",
      "[[[-8.86477581e-01 -1.05190767e-02 -4.62651973e-01 -1.09079206e+02]\n",
      "  [ 4.38793796e-01 -3.36737863e-01 -8.33107208e-01 -1.45188245e+01]\n",
      "  [-1.47028910e-01 -9.41539693e-01  3.03126272e-01  7.72301386e+02]\n",
      "  [ 0.00000000e+00  0.00000000e+00  0.00000000e+00  1.00000000e+00]]]\n"
     ]
    },
    {
     "name": "stdout",
     "output_type": "stream",
     "text": [
      "inputs: [<KerasTensor: shape=(None, 112, 112, 3) dtype=float32 (created by layer 'input_190')>, <KerasTensor: shape=(None, 112, 112) dtype=float32 (created by layer 'input_191')>, <KerasTensor: shape=(None, 3, 3) dtype=float32 (created by layer 'input_193')>, <KerasTensor: shape=(None, 2, 2) dtype=float32 (created by layer 'input_194')>]\n",
      "outputs: [<KerasTensor: shape=(None, 1, 4, 4) dtype=float64 (created by layer 'mt_m_evaluation_6')>, <KerasTensor: shape=(None, None, 4, 4) dtype=float64 (created by layer 'mt_m_evaluation_7')>]\n",
      "27 0 :\n",
      "[[1.07565092e+03 0.00000000e+00 3.75068883e+02]\n",
      " [0.00000000e+00 1.07390348e+03 2.40721598e+02]\n",
      " [0.00000000e+00 0.00000000e+00 1.00000000e+00]]\n",
      "[[  1.68738444   1.68738444]\n",
      " [407.22090722 123.92335959]]\n",
      "[[ 9.4699920e-02 -9.9550633e-01  3.1380000e-05]\n",
      " [-9.5345384e-01 -9.0708690e-02 -2.8757100e-01]\n",
      " [ 2.8628203e-01  2.7203080e-02 -9.5775900e-01]]\n",
      "[ 80.40390521 -13.3409511  770.04325362]\n",
      "result:\n",
      "[[[ 9.97902286e-01  6.17251349e-02  1.95200423e-02  8.24944997e+01]\n",
      "  [ 6.46811354e-02 -9.63269841e-01 -2.60629211e-01 -1.48515088e+01]\n",
      "  [ 2.71569377e-03  2.61345077e-01 -9.65241610e-01  7.87848093e+02]\n",
      "  [ 0.00000000e+00  0.00000000e+00  0.00000000e+00  1.00000000e+00]]]\n",
      "[[[ 9.97166410e-01  5.61594581e-02  5.00525937e-02  7.90840209e+01]\n",
      "  [ 6.85333285e-02 -9.52545038e-01 -2.96582458e-01 -1.36366865e+01]\n",
      "  [ 3.10214381e-02  2.99172348e-01 -9.53694692e-01  7.64481280e+02]\n",
      "  [ 0.00000000e+00  0.00000000e+00  0.00000000e+00  1.00000000e+00]]]\n",
      "27 1 :\n",
      "[[1.07565092e+03 0.00000000e+00 3.77068883e+02]\n",
      " [0.00000000e+00 1.07390348e+03 2.44721598e+02]\n",
      " [0.00000000e+00 0.00000000e+00 1.00000000e+00]]\n",
      "[[  2.00393066   2.00393066]\n",
      " [374.5659615  236.66413495]]\n",
      "[[ 0.86973221 -0.49352273 -0.00114816]\n",
      " [-0.47254541 -0.83208907 -0.290394  ]\n",
      " [ 0.14235993  0.25310732 -0.956907  ]]\n",
      "[ 68.20006951  69.41829634 744.69267549]\n",
      "result:\n",
      "[[[ 5.17983363e-01  8.41235431e-01  1.54971508e-01  6.49174811e+01]\n",
      "  [ 8.46582951e-01 -4.78234620e-01 -2.33642824e-01  6.78027713e+01]\n",
      "  [-1.22435880e-01  2.52219342e-01 -9.59893142e-01  7.34286872e+02]\n",
      "  [-7.34695673e-17  3.49885181e-18 -2.64451407e-17  1.00000000e+00]]]\n",
      "[[[ 5.32065250e-01  8.45770881e-01 -3.97265066e-02  6.92136092e+01]\n",
      "  [ 8.44968102e-01 -5.27387760e-01  8.88313935e-02  5.78575443e+01]\n",
      "  [ 5.41797346e-02 -8.08317190e-02 -9.95254112e-01  7.21582210e+02]\n",
      "  [ 6.04540942e-17  2.05345014e-19 -6.31319184e-20  1.00000000e+00]]]\n",
      "27 2 :\n",
      "[[1.07565092e+03 0.00000000e+00 3.77068883e+02]\n",
      " [0.00000000e+00 1.07390348e+03 2.46721598e+02]\n",
      " [0.00000000e+00 0.00000000e+00 1.00000000e+00]]\n",
      "[[  1.42844038   1.42844038]\n",
      " [322.66644783 343.65828497]]\n",
      "[[ 9.9995766e-01  9.1488000e-03 -6.8144000e-04]\n",
      " [ 8.5476900e-03 -9.5607969e-01 -2.9298300e-01]\n",
      " [-3.3319500e-03  2.9296481e-01 -9.5611700e-01]]\n",
      "[ 30.1762056   99.14230455 735.09075888]\n",
      "result:\n",
      "[[[-9.99968878e-01 -4.45654516e-03 -6.50870652e-03  3.32484233e+01]\n",
      "  [-1.78442760e-03  9.31526375e-01 -3.63669375e-01  1.05859332e+02]\n",
      "  [ 7.68374101e-03 -3.63646458e-01 -9.31505348e-01  7.58902125e+02]\n",
      "  [ 0.00000000e+00  0.00000000e+00  0.00000000e+00  1.00000000e+00]]]\n",
      "[[[-9.97469695e-01 -8.43753614e-03 -7.05908925e-02  3.45070994e+01]\n",
      "  [ 1.50054136e-02  9.45576748e-01 -3.25053017e-01  9.92383741e+01]\n",
      "  [ 6.94917521e-02 -3.25289757e-01 -9.43057528e-01  7.29802001e+02]\n",
      "  [ 0.00000000e+00  0.00000000e+00  0.00000000e+00  1.00000000e+00]]]\n",
      "27 3 :\n",
      "[[1.07565092e+03 0.00000000e+00 3.74068883e+02]\n",
      " [0.00000000e+00 1.07390348e+03 2.49721598e+02]\n",
      " [0.00000000e+00 0.00000000e+00 1.00000000e+00]]\n",
      "[[  1.42594907   1.42594907]\n",
      " [210.23932875 327.40227804]]\n",
      "[[ 0.63497904  0.77252512  0.00270938]\n",
      " [ 0.73947833 -0.60679364 -0.291503  ]\n",
      " [-0.22354944  0.18710172 -0.956566  ]]\n",
      "[-49.7237743   98.48640771 735.76497412]\n",
      "result:\n",
      "[[[-6.55288483e-01 -7.51370202e-01  7.77161619e-02 -5.09752159e+01]\n",
      "  [-7.25780335e-01  5.97753070e-01 -3.40491094e-01  1.03535212e+02]\n",
      "  [ 2.09379791e-01 -2.79524758e-01 -9.37030404e-01  7.52440255e+02]\n",
      "  [ 0.00000000e+00  0.00000000e+00  0.00000000e+00  1.00000000e+00]]]\n",
      "[[[-6.51884796e-01 -7.58315978e-01 -1.73641764e-03 -4.69525633e+01]\n",
      "  [-7.17807163e-01  6.17796636e-01 -3.21061061e-01  9.87254552e+01]\n",
      "  [ 2.44538500e-01 -2.08048423e-01 -9.47056908e-01  7.29692041e+02]\n",
      "  [ 0.00000000e+00  0.00000000e+00  0.00000000e+00  1.00000000e+00]]]\n",
      "27 4 :\n",
      "[[1.07565092e+03 0.00000000e+00 3.69068883e+02]\n",
      " [0.00000000e+00 1.07390348e+03 2.48721598e+02]\n",
      " [0.00000000e+00 0.00000000e+00 1.00000000e+00]]\n",
      "[[  1.5297802    1.5297802 ]\n",
      " [117.92022557 208.00660887]]\n",
      "[[-0.35173099  0.93609873  0.00198902]\n",
      " [ 0.89608532  0.33730971 -0.288538  ]\n",
      " [-0.2707713  -0.09970559 -0.957466  ]]\n",
      "[-103.42500319   23.81196473  758.87733254]\n",
      "result:\n",
      "[[[-3.26395193e-01  9.45183724e-01 -9.69243829e-03 -1.02894074e+02]\n",
      "  [ 8.57679583e-01  2.91836723e-01 -4.23340347e-01  2.89728344e+01]\n",
      "  [-3.97305778e-01 -1.46489269e-01 -9.05918888e-01  7.62846688e+02]\n",
      "  [ 0.00000000e+00  0.00000000e+00  0.00000000e+00  1.00000000e+00]]]\n",
      "[[[-3.30965016e-01  9.43087703e-01 -3.23688970e-02 -1.01282849e+02]\n",
      "  [ 8.71144160e-01  2.92172245e-01 -3.94643228e-01  2.73572491e+01]\n",
      "  [-3.62725893e-01 -1.58811069e-01 -9.18264133e-01  7.56254052e+02]\n",
      "  [ 0.00000000e+00  0.00000000e+00  0.00000000e+00  1.00000000e+00]]]\n",
      "inputs: [<KerasTensor: shape=(None, 112, 112, 3) dtype=float32 (created by layer 'input_127')>, <KerasTensor: shape=(None, 112, 112) dtype=float32 (created by layer 'input_128')>, <KerasTensor: shape=(None, 3, 3) dtype=float32 (created by layer 'input_130')>, <KerasTensor: shape=(None, 2, 2) dtype=float32 (created by layer 'input_131')>]\n",
      "outputs: [<KerasTensor: shape=(None, 1, 4, 4) dtype=float64 (created by layer 'mt_m_evaluation_9')>, <KerasTensor: shape=(None, None, 4, 4) dtype=float64 (created by layer 'mt_m_evaluation_10')>]\n",
      "18 0 :\n",
      "[[1.07565092e+03 0.00000000e+00 3.76068883e+02]\n",
      " [0.00000000e+00 1.07390348e+03 2.55721598e+02]\n",
      " [0.00000000e+00 0.00000000e+00 1.00000000e+00]]\n",
      "[[  1.58232006   1.58232006]\n",
      " [284.18514905 334.52584575]]\n",
      "[[-0.64452869 -0.764564   -0.0049159 ]\n",
      " [ 0.72484953 -0.61306974  0.31422592]\n",
      " [-0.24325977  0.19896444  0.94933581]]\n",
      "[  3.32826193 107.67445908 719.30092017]\n",
      "result:\n",
      "[[[-6.25468082e-01 -7.50394296e-01  2.13771277e-01  5.29343960e+00]\n",
      "  [ 7.78917300e-01 -5.84502858e-01  2.27253587e-01  1.06216390e+02]\n",
      "  [-4.55798589e-02  3.08650012e-01  9.50082982e-01  7.04123153e+02]\n",
      "  [ 0.00000000e+00  0.00000000e+00  0.00000000e+00  1.00000000e+00]]]\n",
      "[[[-6.34214102e-01 -7.62825737e-01  1.25973424e-01  5.18909407e+00]\n",
      "  [ 7.53858465e-01 -5.73942966e-01  3.19823204e-01  1.07732397e+02]\n",
      "  [-1.71667816e-01  2.97802537e-01  9.39065420e-01  7.13584219e+02]\n",
      "  [ 0.00000000e+00  0.00000000e+00  0.00000000e+00  1.00000000e+00]]]\n",
      "18 1 :\n",
      "[[1.07565092e+03 0.00000000e+00 3.78068883e+02]\n",
      " [0.00000000e+00 1.07390348e+03 2.56721598e+02]\n",
      " [0.00000000e+00 0.00000000e+00 1.00000000e+00]]\n",
      "[[  1.97629692   1.97629692]\n",
      " [199.77242458 286.27702901]]\n",
      "[[-0.90680865 -0.42129832 -0.01435319]\n",
      " [ 0.39624794 -0.8635187   0.31196423]\n",
      " [-0.1438243   0.27720522  0.94998524]]\n",
      "[-44.33155934 103.22244765 720.48686752]\n",
      "result:\n",
      "[[[-9.34929459e-01 -3.54261824e-01  2.01353554e-02 -4.28890468e+01]\n",
      "  [ 3.44293695e-01 -8.91968832e-01  2.93007516e-01  9.34958594e+01]\n",
      "  [-8.58412724e-02  2.80873843e-01  9.55898115e-01  6.66031016e+02]\n",
      "  [ 0.00000000e+00  0.00000000e+00  0.00000000e+00  1.00000000e+00]]]\n",
      "[[[-9.32512506e-01 -3.59474015e-01 -3.46240589e-02 -4.55898869e+01]\n",
      "  [ 3.30275143e-01 -8.87673058e-01  3.20865875e-01  1.00954240e+02]\n",
      "  [-1.46077789e-01  2.87775993e-01  9.46491546e-01  7.14931159e+02]\n",
      "  [ 0.00000000e+00  0.00000000e+00  0.00000000e+00  1.00000000e+00]]]\n",
      "18 2 :\n",
      "[[1.07565092e+03 0.00000000e+00 3.80068883e+02]\n",
      " [0.00000000e+00 1.07390348e+03 2.61721598e+02]\n",
      " [0.00000000e+00 0.00000000e+00 1.00000000e+00]]\n",
      "[[  1.25847712   1.25847712]\n",
      " [130.50875091 201.53567625]]\n",
      "[[-0.86390631  0.5029157  -0.02721735]\n",
      " [-0.48730407 -0.82098731  0.29751433]\n",
      " [ 0.12727955  0.27028763  0.95432937]]\n",
      "[-116.23757835   33.00401394  740.99767516]\n",
      "result:\n",
      "[[[-8.73282112e-01  4.39861164e-01 -2.09524574e-01 -1.10060383e+02]\n",
      "  [-4.87143611e-01 -7.95649372e-01  3.60046130e-01  3.40910764e+01]\n",
      "  [-8.33778251e-03  4.16490374e-01  9.09101867e-01  7.01350255e+02]\n",
      "  [ 0.00000000e+00  0.00000000e+00  0.00000000e+00  1.00000000e+00]]]\n",
      "[[[-8.72931131e-01  4.66543712e-01 -1.42577160e-01 -1.16605202e+02]\n",
      "  [-4.86807098e-01 -8.14003730e-01  3.16886152e-01  3.47353549e+01]\n",
      "  [ 3.17829095e-02  3.46027351e-01  9.37685920e-01  7.41357350e+02]\n",
      "  [ 0.00000000e+00  0.00000000e+00  0.00000000e+00  1.00000000e+00]]]\n",
      "18 3 :\n"
     ]
    },
    {
     "name": "stdout",
     "output_type": "stream",
     "text": [
      "[[1.07565092e+03 0.00000000e+00 3.74068883e+02]\n",
      " [0.00000000e+00 1.07390348e+03 2.65721598e+02]\n",
      " [0.00000000e+00 0.00000000e+00 1.00000000e+00]]\n",
      "[[  0.81487115   0.81487115]\n",
      " [261.97464779  92.74978811]]\n",
      "[[ 0.34701795  0.93776393 -0.01333097]\n",
      " [-0.90198334  0.33760399  0.26916515]\n",
      " [ 0.25691362 -0.08138066  0.96300156]]\n",
      "[-60.08910284 -91.92420148 779.65295501]\n",
      "result:\n",
      "[[[ 3.43692609e-01  9.38595588e-01 -3.02270912e-02 -6.10048435e+01]\n",
      "  [-9.37216708e-01  3.40804262e-01 -7.40090275e-02 -9.64743486e+01]\n",
      "  [-5.91630290e-02  5.37657014e-02  9.96799362e-01  8.07313681e+02]\n",
      "  [ 0.00000000e+00  0.00000000e+00  0.00000000e+00  1.00000000e+00]]]\n",
      "[[[ 3.39157257e-01  9.37308236e-01  8.01597808e-02 -5.87423778e+01]\n",
      "  [-9.23391399e-01  3.15411347e-01  2.18778530e-01 -9.22658749e+01]\n",
      "  [ 1.79779616e-01 -1.48219188e-01  9.72476398e-01  7.80741728e+02]\n",
      "  [ 0.00000000e+00  0.00000000e+00  0.00000000e+00  1.00000000e+00]]]\n",
      "18 4 :\n",
      "[[1.07565092e+03 0.00000000e+00 3.71068883e+02]\n",
      " [0.00000000e+00 1.07390348e+03 2.64721598e+02]\n",
      " [0.00000000e+00 0.00000000e+00 1.00000000e+00]]\n",
      "[[  1.06332349   1.06332349]\n",
      " [335.81758031  80.55890999]]\n",
      "[[ 0.90850972  0.41780604  0.00694622]\n",
      " [-0.40403178  0.8740722   0.26973392]\n",
      " [ 0.10662541 -0.24786267  0.96290961]]\n",
      "[ 24.185042   -98.02316021 782.16952056]\n",
      "result:\n",
      "[[[ 8.89934592e-01  4.55763514e-01 -1.72069244e-02  2.42904332e+01]\n",
      "  [-4.30922602e-01  8.52590715e-01  2.95626031e-01 -9.61757682e+01]\n",
      "  [ 1.49406022e-01 -2.55672998e-01  9.55148736e-01  7.64380965e+02]\n",
      "  [ 0.00000000e+00  0.00000000e+00  0.00000000e+00  1.00000000e+00]]]\n",
      "[[[ 8.90762178e-01  4.53994820e-01 -2.07721283e-02  2.44433940e+01]\n",
      "  [-4.19815915e-01  8.39486015e-01  3.44989560e-01 -9.72197942e+01]\n",
      "  [ 1.74061383e-01 -2.98583200e-01  9.38376608e-01  7.75691484e+02]\n",
      "  [ 0.00000000e+00  0.00000000e+00  0.00000000e+00  1.00000000e+00]]]\n",
      "inputs: [<KerasTensor: shape=(None, 112, 112, 3) dtype=float32 (created by layer 'input_141')>, <KerasTensor: shape=(None, 112, 112) dtype=float32 (created by layer 'input_142')>, <KerasTensor: shape=(None, 3, 3) dtype=float32 (created by layer 'input_144')>, <KerasTensor: shape=(None, 2, 2) dtype=float32 (created by layer 'input_145')>]\n",
      "outputs: [<KerasTensor: shape=(None, 1, 4, 4) dtype=float64 (created by layer 'mt_m_evaluation_12')>, <KerasTensor: shape=(None, None, 4, 4) dtype=float64 (created by layer 'mt_m_evaluation_13')>]\n",
      "20 0 :\n",
      "[[1.07565092e+03 0.00000000e+00 3.73068883e+02]\n",
      " [0.00000000e+00 1.07390348e+03 2.40721598e+02]\n",
      " [0.00000000e+00 0.00000000e+00 1.00000000e+00]]\n",
      "[[  0.99237464   0.99237464]\n",
      " [243.84079114 287.43579115]]\n",
      "[[-0.03261267  0.66962097  0.74198621]\n",
      " [ 0.31712299 -0.69708878  0.64304049]\n",
      " [ 0.94782389  0.25627204 -0.18961797]]\n",
      "[-27.37710136  56.71052034 735.97727183]\n",
      "result:\n",
      "[[[ 6.61396707e-02  6.45298631e-01 -7.61061884e-01 -2.66700337e+01]\n",
      "  [-3.06055650e-01 -7.12846578e-01 -6.31014803e-01  5.36735102e+01]\n",
      "  [-9.49713385e-01  2.74662427e-01  1.50349863e-01  7.12282285e+02]\n",
      "  [ 0.00000000e+00  0.00000000e+00  0.00000000e+00  1.00000000e+00]]]\n",
      "[[[ 1.63248347e-02  6.22038850e-01 -7.82816158e-01 -2.46364150e+01]\n",
      "  [-5.16794975e-01 -6.64983624e-01 -5.39184309e-01  6.17516912e+01]\n",
      "  [-8.55953523e-01  4.13357576e-01  3.10610818e-01  7.04806217e+02]\n",
      "  [ 0.00000000e+00  0.00000000e+00  0.00000000e+00  1.00000000e+00]]]\n",
      "20 1 :\n",
      "[[1.07565092e+03 0.00000000e+00 3.75068883e+02]\n",
      " [0.00000000e+00 1.07390348e+03 2.43721598e+02]\n",
      " [0.00000000e+00 0.00000000e+00 1.00000000e+00]]\n",
      "[[  0.81078285   0.81078285]\n",
      " [256.56421431 243.55929348]]\n",
      "[[-0.04460683  0.9895033   0.13745529]\n",
      " [ 0.29700629 -0.11823546  0.94752703]\n",
      " [ 0.95383278  0.08309183 -0.2886146 ]]\n",
      "[-51.04534723  33.80157182 742.4930784 ]\n",
      "result:\n",
      "[[[-7.81620245e-02  9.82485962e-01  1.69150741e-01 -5.17282158e+01]\n",
      "  [ 3.25033370e-01 -1.35285165e-01  9.35976101e-01  3.49326915e+01]\n",
      "  [ 9.42466994e-01  1.28137424e-01 -3.08766578e-01  7.47744761e+02]\n",
      "  [ 0.00000000e+00  0.00000000e+00  0.00000000e+00  1.00000000e+00]]]\n",
      "[[[-8.29097102e-02  9.80750807e-01  1.76787371e-01 -5.16563712e+01]\n",
      "  [ 3.38248256e-01 -1.39172474e-01  9.30708961e-01  3.51882598e+01]\n",
      "  [ 9.37397528e-01  1.36962832e-01 -3.20198519e-01  7.44248462e+02]\n",
      "  [ 0.00000000e+00  0.00000000e+00  0.00000000e+00  1.00000000e+00]]]\n",
      "20 2 :\n",
      "[[1.07565092e+03 0.00000000e+00 3.74068883e+02]\n",
      " [0.00000000e+00 1.07390348e+03 2.46721598e+02]\n",
      " [0.00000000e+00 0.00000000e+00 1.00000000e+00]]\n",
      "[[  0.75996144   0.75996144]\n",
      " [253.19897873 185.27887528]]\n",
      "[[-0.04236155  0.88901583 -0.4559137 ]\n",
      " [ 0.27582116  0.44899544  0.84989774]\n",
      " [ 0.96027535 -0.08974768 -0.2642296 ]]\n",
      "[-54.69550942   5.91867804 750.67673497]\n",
      "result:\n",
      "[[[-5.95436474e-02  9.10473720e-01 -4.09258028e-01 -5.41085545e+01]\n",
      "  [ 2.00706145e-01  4.12532469e-01  8.88557285e-01  3.58887248e+00]\n",
      "  [ 9.77840289e-01 -2.92326713e-02 -2.07301377e-01  7.33189154e+02]\n",
      "  [ 1.90968403e-18  1.77628842e-18  5.33171603e-17  1.00000000e+00]]]\n",
      "[[[-3.41398111e-02  9.09659638e-01 -4.13949020e-01 -5.48879951e+01]\n",
      "  [ 2.20101461e-01  4.10864633e-01  8.84729135e-01  4.11182379e+00]\n",
      "  [ 9.74879404e-01 -6.09063106e-02 -2.14244275e-01  7.52687113e+02]\n",
      "  [ 1.01932735e-17 -1.28917670e-18 -4.03750289e-17  1.00000000e+00]]]\n",
      "20 3 :\n",
      "[[1.07565092e+03 0.00000000e+00 3.70068883e+02]\n",
      " [0.00000000e+00 1.07390348e+03 2.48721598e+02]\n",
      " [0.00000000e+00 0.00000000e+00 1.00000000e+00]]\n",
      "[[  0.92816099   0.92816099]\n",
      " [254.15924154 151.88969958]]\n",
      "[[-0.02057202  0.30404605 -0.95243533]\n",
      " [ 0.25527966  0.92265713  0.28902645]\n",
      " [ 0.9666487  -0.23719183 -0.09659809]]\n",
      "[-34.5139359  -24.02006494 760.26148912]\n",
      "result:\n",
      "[[[ 4.16472950e-02  3.60979060e-01  9.31643499e-01 -3.63216503e+01]\n",
      "  [-2.34007757e-01  9.10041215e-01 -3.42148087e-01 -2.45554722e+01]\n",
      "  [-9.71342323e-01 -2.03762286e-01  1.22372663e-01  7.75018534e+02]\n",
      "  [ 0.00000000e+00  0.00000000e+00  0.00000000e+00  1.00000000e+00]]]\n",
      "[[[ 3.52009645e-02  3.65056105e-01  9.30319795e-01 -3.50706399e+01]\n",
      "  [-2.78457024e-01  8.97614594e-01 -3.41686527e-01 -2.23296270e+01]\n",
      "  [-9.59803423e-01 -2.47026411e-01  1.33249345e-01  7.55264536e+02]\n",
      "  [ 0.00000000e+00  0.00000000e+00  0.00000000e+00  1.00000000e+00]]]\n",
      "20 4 :\n",
      "[[1.07565092e+03 0.00000000e+00 3.68068883e+02]\n",
      " [0.00000000e+00 1.07390348e+03 2.47721598e+02]\n",
      " [0.00000000e+00 0.00000000e+00 1.00000000e+00]]\n",
      "[[  0.95162169   0.95162169]\n",
      " [308.78800132 163.01094378]]\n",
      "[[-1.6951000e-04 -2.1356962e-01 -9.7692760e-01]\n",
      " [ 2.5287636e-01  9.4516675e-01 -2.0667016e-01]\n",
      " [ 9.6749908e-01 -2.4707647e-01  5.3846390e-02]]\n",
      "[-10.72344821 -31.99318212 762.89566465]\n",
      "result:\n",
      "[[[ 5.31925315e-02 -2.27041476e-01 -9.72431364e-01 -1.01348863e+01]\n",
      "  [ 2.89909576e-01  9.35378616e-01 -2.02532248e-01 -3.02842002e+01]\n",
      "  [ 9.55574698e-01 -2.71143960e-01  1.15576648e-01  7.57692073e+02]\n",
      "  [-5.74756283e-18 -7.04812597e-19  1.17271125e-17  1.00000000e+00]]]\n",
      "[[[ 5.05222708e-02 -2.25061419e-01 -9.73033860e-01 -1.02254867e+01]\n",
      "  [ 2.94647112e-01  9.34271736e-01 -2.00796995e-01 -3.02519187e+01]\n",
      "  [ 9.54269664e-01 -2.76556894e-01  1.13515220e-01  7.59595795e+02]\n",
      "  [-5.89631464e-18  1.55233056e-17 -4.68886009e-17  1.00000000e+00]]]\n"
     ]
    }
   ],
   "source": [
    "from PIL import Image\n",
    "import json\n",
    "import numpy as np\n",
    "import tensorflow as tf\n",
    "\n",
    "for i in [1,5,27,18,20]:\n",
    "    net = tf.keras.models.load_model(f'test_inference_csl_{i}', custom_objects=None, compile=False, options=None)\n",
    "#     net.summary()\n",
    "    print('inputs:', net.inputs)\n",
    "    print('outputs:', net.outputs)\n",
    "    \n",
    "    for j in range(5):\n",
    "        print(i,j,':')\n",
    "        \n",
    "        rgb = np.array(Image.open(f'rgb_{i}_{j}.png'), np.float)\n",
    "        depth = np.array(Image.open(f'depth_{i}_{j}.png'), np.float) / 10.\n",
    "        with open(f'info_{i}_{j}.txt') as json_file:\n",
    "            info = json.load(json_file)\n",
    "            \n",
    "            cam_K = np.array(info['cam_K']).reshape((3,3))\n",
    "            coord_K = np.array(info['coord_K']).reshape((2,2))\n",
    "            \n",
    "            R = np.array(info['R']).reshape((3,3))\n",
    "            t = np.array(info['t'])\n",
    "            \n",
    "        print(cam_K) \n",
    "        print(coord_K) \n",
    "        print(R) \n",
    "        print(t) \n",
    "        print('result:')\n",
    "        res = net.predict([rgb[np.newaxis], depth[np.newaxis], cam_K[np.newaxis], coord_K[np.newaxis]])\n",
    "        print(res[0][0])\n",
    "        print(res[1][0])\n",
    "        \n",
    "        "
   ]
  }
 ],
 "metadata": {
  "kernelspec": {
   "display_name": "Python 3",
   "language": "python",
   "name": "python3"
  },
  "language_info": {
   "codemirror_mode": {
    "name": "ipython",
    "version": 3
   },
   "file_extension": ".py",
   "mimetype": "text/x-python",
   "name": "python",
   "nbconvert_exporter": "python",
   "pygments_lexer": "ipython3",
   "version": "3.6.9"
  }
 },
 "nbformat": 4,
 "nbformat_minor": 2
}
