```c
[ INFO] [1608125957.394196628]: TensorFlowAnnotator.cpp(58)[process] Input cameramatrix: 

(tensor: shape=[1 3 3], data=
[[[1066.77795 0 312.986908]
  [0 1067.48706 241.310898]
  [0 0 1]]])
  
  
[ INFO] [1608125957.394237494]: TensorFlowAnnotator.cpp(62)[process] /home/rin/test_ws/src/rs_tensorflow/data/pictures/000335-color.jpg:
[ INFO] [1608125964.580463902]: TensorFlowAnnotator.cpp(70)[process] output : 

(tensor: shape=[1 1 4 4], data=
[[[[0.017403954255428955 -0.81000979409931828 -0.586158013716917 3.805302182118226]
   [-0.88946587948085531 -0.28030484398924993 0.36094273755614092 1.71064960547534]
   [-0.45667004927249966 0.5150857090191947 -0.72535446891835553 110.35048243284862]
   [0 0 0 1]]]])
   
[ INFO] [1608125964.580521681]: TensorFlowAnnotator.cpp(62)[process] /home/rin/test_ws/src/rs_tensorflow/data/pictures/000409-color.jpg:
[ INFO] [1608125965.491422623]: TensorFlowAnnotator.cpp(70)[process] output : 

(tensor: shape=[1 1 4 4], data=
[[[[0.010432015622380249 -0.84043210534336976 -0.5418164702371483 6.8139466849130939]
   [-0.89530219626265128 -0.24916756183196598 0.36925536379840329 3.6049009207787357]
   [-0.44533710408508737 0.48123735962528641 -0.755040013779663 113.64688351764282]
   [0 0 0 0.99999999999999978]]]])
   
[ INFO] [1608125965.491473187]: TensorFlowAnnotator.cpp(62)[process] /home/rin/test_ws/src/rs_tensorflow/data/pictures/000437-color.jpg:
[ INFO] [1608125966.412592525]: TensorFlowAnnotator.cpp(70)[process] output : 

(tensor: shape=[1 1 4 4], data=
[[[[0.0072723745186842586 -0.85238534841112013 -0.52286364358850612 7.0033601259514509]
   [-0.9034462723662342 -0.22973256622594432 0.36194991865943421 3.9267458422280273]
   [-0.42863961436398756 0.46974696337598171 -0.7717550628778409 114.48787988725086]
   [0 0 0 0.99999999999999978]]]])
   
[ INFO] [1608125966.412651425]: TensorFlowAnnotator.cpp(62)[process] /home/rin/test_ws/src/rs_tensorflow/data/pictures/000467-color.jpg:
[ INFO] [1608125967.327734713]: TensorFlowAnnotator.cpp(70)[process] output : 

(tensor: shape=[1 1 4 4], data=

[[[[0.4877913990233399 -0.8729008287591018 0.010178103819911945 6.5296479226263111]
   [-0.36420507613900815 -0.21409225047800653 -0.90637695401629259 5.1902329852652365]
   [0.7933563148425633 0.43841600607162107 -0.422347319876326 116.3058398285127]
   [0 0 0 1]]]])
   
[ INFO] [1608125967.327785969]: TensorFlowAnnotator.cpp(62)[process] /home/rin/test_ws/src/rs_tensorflow/data/pictures/000568-color.jpg:
[ INFO] [1608125968.234193456]: TensorFlowAnnotator.cpp(70)[process] output : 

(tensor: shape=[1 1 4 4], data=
[[[[-0.033217833295679566 0.90315078708379648 -0.42803639155228745 2.6023021394084149]
   [0.90691057865724178 0.20721689213402658 0.3668438332194438 2.8845246930097184]
   [0.4200116603097433 -0.3760049663407749 -0.82596030658780106 116.94607880747863]
   [0 0 0 1]]]])
```
